              precision    recall  f1-score   support

           0       0.80      0.80      0.80        10
           1       0.89      0.80      0.84        10
           2       0.67      0.60      0.63        10
           3       0.73      0.80      0.76        10
           4       0.80      0.80      0.80        10
           5       0.53      0.80      0.64        10
           6       0.86      0.60      0.71        10
           7       1.00      0.90      0.95        10

   micro avg       0.76      0.76      0.76        80
   macro avg       0.78      0.76      0.77        80
weighted avg       0.78      0.76      0.77        80
